176 310 310
177 310 310
178 310 310
179 310 310
180 310 310
181 310 310
182 310 310
183 310 310
184 310 310
185 310 310
186 310 310
187 310 310
188 310 310
189 310 310
190 310 310
191 310 310
192 310 310
193 310 310
194 310 310
195 310 310
196 310 310
197 310 310
198 310 310
199 310 310
200 310 310
201 310 310
202 310 310
203 310 310
204 310 310
205 310 310
206 310 310
207 310 310
208 310 310
209 310 310
210 310 310
211 310 310
212 310 310
213 310 310
214 310 310
215 310 310
216 310 310
217 310 310
218 310 310
219 310 310
220 310 310
221 310 310
222 310 310
223 310 310
224 310 310
225 310 310
226 310 310
227 310 310
228 310 310
229 310 310
230 310 310
231 310 310
232 310 310
233 310 310
234 310 310
235 310 310
236 310 310
237 310 310
238 310 310
239 310 310
240 310 310
241 310 310
242 310 310
243 310 310
244 310 310
245 310 310
246 310 310
247 310 310
248 310 310
249 310 310
250 310 310
251 310 310
252 310 310
253 310 310
254 310 310
255 310 310
256 310 310
257 310 310
258 310 310
259 310 310
260 310 310
261 310 310
262 310 310
263 310 310
264 310 310
265 310 310
266 310 310
267 310 310
268 310 310
269 310 310
270 310 310
271 310 310
272 310 310
273 310 310
274 310 310
275 310 310
276 310 310
277 310 310
278 310 310
279 310 310
280 310 310
281 310 310
282 310 310
283 310 310
284 310 310
285 310 310
286 310 310
287 310 310
288 310 310
289 310 310
290 310 310
291 310 310
292 310 310
293 310 310
294 310 310
295 310 310
296 310 310
297 310 310
298 310 310
299 310 310
300 310 310
301 310 310
302 310 310
303 310 310
304 310 310
305 310 310
306 310 310
307 310 310
308 310 310
309 310 310
310 310 310
311 310 310
312 310 310
313 310 310
314 310 310
315 310 310
316 310 310
317 310 310
318 310 310
319 310 310
320 310 310
321 310 310
322 310 310
323 310 310
324 310 310
325 310 310
326 310 310
327 310 310
328 310 310
329 310 310
330 310 310
331 310 310
332 310 310
333 310 310
334 310 310
335 310 310
336 310 310
337 310 310
338 310 310
339 310 310
340 310 310
341 310 310
342 310 310
343 310 310
344 310 310
345 310 310
346 310 310
347 310 310
348 310 310
349 310 310
350 310 310
351 310 310
352 310 310
353 310 310
354 310 310
355 310 310
356 310 310
357 310 310
358 310 310
359 310 310
360 310 310
361 310 310
362 310 310
363 310 310
364 310 310
365 310 310
366 310 310
367 310 310
368 310 310
369 310 310
370 310 310
371 310 310
372 310 310
373 310 310
374 310 310
375 310 310
376 310 310
377 310 310
378 310 310
379 310 310
380 310 310
381 310 310
382 310 310
383 310 310
384 310 310
385 310 310
386 310 310
387 310 310
388 310 310
389 310 310
390 310 310
391 310 310
392 310 310
393 310 310
394 310 310
395 310 310
396 310 310
397 310 310
398 310 310
399 310 310
400 310 310
401 310 310
402 310 310
403 310 310
404 310 310
405 310 310
406 310 310
407 310 310
408 310 310
409 310 310
410 310 310
411 310 310
412 310 310
413 310 310
414 310 310
415 310 310
416 310 310
417 310 310
418 310 310
419 310 310
420 310 310
421 310 310
422 310 310
423 310 310
424 310 310
425 310 310
426 310 310
427 310 310
428 310 310
429 310 310
430 310 310
431 310 310
432 310 310
433 310 310
434 310 310
435 310 310
436 310 310
437 310 310
438 310 310
439 310 310
440 310 310
441 310 310
442 310 310
443 310 310
444 310 310
445 310 310
446 310 310
447 310 310
448 310 310
449 310 310
450 310 310
451 310 310
452 310 310
453 310 310
454 310 310
455 310 310
456 310 310
457 310 310
458 310 310
459 310 310
460 310 310
461 310 310
462 310 310
463 310 310
464 310 310
465 310 310
466 310 310
467 310 310
468 310 310
469 310 310
470 310 310
471 310 310
472 310 310
473 310 310
474 310 310
475 310 310
476 310 310
477 310 310
478 310 310
479 310 310
480 310 310
481 310 310
482 310 310
483 310 310
484 310 310
485 310 310
486 310 310
487 310 310
488 310 310
489 310 310
490 310 310
491 310 310
492 310 310
493 310 310
494 310 310
495 310 310
496 310 310
497 310 310
498 310 310
499 310 310
500 310 310
501 310 310
502 310 310
503 310 310
504 310 310
505 310 310
506 310 310
507 310 310
508 310 310
509 310 310
510 310 310
511 310 310
512 310 310
513 310 310
514 310 310
515 310 310
516 310 310
517 310 310
518 310 310
519 310 310
520 310 310
521 310 310
522 310 310
523 310 310
524 310 310
525 310 310
526 310 310
527 310 310
528 310 310
529 310 310
530 310 310
531 310 310
532 310 310
533 310 310
534 310 310
535 310 310
536 310 310
537 310 310
538 310 310
539 310 310
540 310 310
541 310 310
542 310 310
543 310 310
544 310 310
545 310 310
546 310 310
547 310 310
548 310 310
549 310 310
550 310 310
551 310 310
552 310 310
553 310 310
554 310 310
555 310 310
556 310 310
557 310 310
558 310 310
559 310 310
560 310 310
561 310 310
562 310 310
563 310 310
564 310 310
565 310 310
566 310 310
567 310 310
568 310 310
569 310 310
570 310 310
571 310 310
572 310 310
573 310 310
574 310 310
575 310 310
576 310 310
577 310 310
578 310 310
579 310 310
580 310 310
581 310 310
582 310 310
583 310 310
584 310 310
585 310 310
586 310 310
587 310 310
588 310 310
589 310 310
590 310 310
591 310 310
592 310 310
593 310 310
594 310 310
595 310 310
596 310 310
597 310 310
598 310 310
599 310 310
600 310 310
601 310 310
602 310 310
603 310 310
604 310 311
605 310 311
606 310 311
607 310 311
608 310 311
609 310 311
610 310 311
611 310 311
612 310 311
613 310 311
614 310 311
615 310 311
616 310 311
617 310 311
618 310 311
619 310 311
620 310 311
621 310 311
622 310 311
623 310 311
624 310 311
625 310 311
626 310 311
627 310 311
628 310 311
629 310 311
630 310 311
631 310 311
632 310 311
633 310 311
634 310 311
635 310 311
636 310 311
637 310 311
638 310 311
639 310 311
640 310 311
641 310 311
642 310 311
643 310 311
644 310 311
645 310 311
646 310 311
647 310 311
648 310 311
649 310 311
650 310 311
651 310 311
652 310 311
653 310 311
654 310 311
655 310 311
656 310 311
657 310 311
658 310 311
659 310 311
660 310 311
661 310 311
662 310 311
663 310 311
664 310 311
665 310 311
666 310 312
667 310 312
668 310 312
669 310 325
670 310 338
671 310 338
672 310 338
673 310 338
674 310 338
675 310 338
676 310 358
677 310 368
678 310 371
679 310 371
680 310 371
681 310 384
682 310 384
683 310 397
684 310 397
685 310 397
686 310 397
687 310 398
688 310 408
689 310 408
690 310 409
691 310 409
692 310 422
693 310 422
694 310 435
695 310 436
696 310 449
697 310 462
698 310 462
699 310 462
700 310 462
701 310 462
702 310 462
703 310 462
704 310 462
705 310 462
706 310 462
707 310 462
708 310 462
709 310 462
710 310 462
711 310 462
712 310 462
713 310 462
714 310 462
715 310 462
716 310 462
717 310 462
718 310 462
719 310 462
720 310 462
721 310 462
722 310 462
723 310 462
724 310 462
725 310 462
726 310 462
727 310 462
728 310 462
729 310 462
730 310 462
731 310 462
732 310 462
733 310 462
734 310 462
735 310 462
736 310 462
737 310 462
738 310 462
739 310 462
740 310 462
741 310 462
742 310 462
743 310 462
744 310 462
745 310 462
746 310 462
747 310 462
748 310 462
749 310 462
750 310 462
751 310 462
752 310 462
753 310 462
754 310 462
755 310 462
756 310 462
757 310 462
758 310 462
759 310 462
760 310 462
761 310 462
762 310 462
763 310 462
764 310 462
765 310 462
766 310 462
767 310 462
768 310 462
769 310 462
770 310 462
771 310 462
772 310 462
773 310 462
774 310 462
775 310 462
776 310 462
777 310 462
778 310 462
779 310 462
780 310 462
781 310 462
782 310 462
783 310 462
784 310 462
785 310 462
786 310 462
787 310 462
788 310 462
789 310 462
790 310 462
