176 310
177 310
178 310
179 310
180 310
181 310
182 310
183 310
184 310
185 310
186 310
187 310
188 310
189 310
190 310
191 310
192 310
193 310
194 310
195 310
196 310
197 310
198 310
199 310
200 310
201 310
202 310
203 310
204 310
205 310
206 310
207 310
208 310
209 310
210 310
211 310
212 310
213 310
214 310
215 310
216 310
217 310
218 310
219 310
220 310
221 310
222 310
223 310
224 310
225 310
226 310
227 310
228 310
229 310
230 310
231 310
232 310
233 310
234 310
235 310
236 310
237 310
238 310
239 310
240 310
241 310
242 310
243 310
244 310
245 310
246 310
247 310
248 310
249 310
250 310
251 310
252 310
253 310
254 310
255 310
256 310
257 310
258 310
259 310
260 310
261 310
262 310
263 310
264 310
265 310
266 310
267 310
268 310
269 310
270 310
271 310
272 310
273 310
274 310
275 310
276 310
277 310
278 310
279 310
280 310
281 310
282 310
283 310
284 310
285 310
286 310
287 310
288 310
289 310
290 310
291 310
292 310
293 310
294 310
295 310
296 310
297 310
298 310
299 310
300 310
301 310
302 310
303 310
304 310
305 310
306 310
307 310
308 310
309 310
310 310
311 310
312 310
313 310
314 310
315 310
316 310
317 310
318 310
319 310
320 310
321 310
322 310
323 310
324 310
325 310
326 310
327 310
328 310
329 310
330 310
331 310
332 310
333 310
334 310
335 310
336 310
337 310
338 310
339 310
340 310
341 310
342 310
343 310
344 310
345 310
346 310
347 310
348 310
349 310
350 310
351 310
352 310
353 310
354 310
355 310
356 310
357 310
358 310
359 310
360 310
361 310
362 310
363 310
364 310
365 310
366 310
367 310
368 310
369 310
370 310
371 310
372 310
373 310
374 310
375 310
376 310
377 310
378 310
379 310
380 310
381 310
382 310
383 310
384 310
385 310
386 310
387 310
388 310
389 310
390 310
391 310
392 310
393 310
394 310
395 310
396 310
397 310
398 310
399 310
400 310
401 310
402 310
403 310
404 310
405 310
406 310
407 310
408 310
409 310
410 310
411 310
412 310
413 310
414 310
415 310
416 310
417 310
418 310
419 310
420 310
421 310
422 310
423 310
424 310
425 310
426 310
427 310
428 310
429 310
430 310
431 310
432 310
433 310
434 310
435 310
436 310
437 310
438 310
439 310
440 310
441 310
442 310
443 310
444 310
445 310
446 310
447 310
448 310
449 310
450 310
451 310
452 310
453 310
454 310
455 310
456 310
457 310
458 310
459 310
460 310
461 310
462 310
463 310
464 310
465 310
466 310
467 310
468 310
469 310
470 310
471 310
472 310
473 310
474 310
475 310
476 310
477 310
478 310
479 310
480 310
481 310
482 310
483 310
484 310
485 310
486 310
487 310
488 310
489 310
490 310
491 310
492 310
493 310
494 310
495 310
496 310
497 310
498 310
499 310
500 310
501 310
502 310
503 310
504 310
505 310
506 310
507 310
508 310
509 310
510 310
511 310
512 310
513 310
514 310
515 310
516 310
517 310
518 310
519 310
520 310
521 310
522 310
523 310
524 310
525 310
526 310
527 310
528 310
529 310
530 310
531 310
532 310
533 310
534 310
535 310
536 310
537 310
538 310
539 310
540 310
541 310
542 310
543 310
544 310
545 310
546 310
547 310
548 310
549 310
550 310
551 310
552 310
553 310
554 310
555 310
556 310
557 310
558 310
559 310
560 310
561 310
562 310
563 310
564 310
565 310
566 310
567 310
568 310
569 310
570 310
571 310
572 310
573 310
574 310
575 310
576 310
577 310
578 310
579 310
580 310
581 310
582 310
583 310
584 310
585 310
586 310
587 310
588 310
589 310
590 310
591 310
592 310
593 310
594 310
595 310
596 310
597 310
598 310
599 310
600 310
601 310
602 310
603 310
604 311
605 311
606 311
607 311
608 311
609 311
610 311
611 311
612 311
613 311
614 311
615 311
616 311
617 311
618 311
619 311
620 311
621 311
622 311
623 311
624 311
625 311
626 311
627 311
628 311
629 311
630 311
631 311
632 311
633 311
634 311
635 311
636 311
637 311
638 311
639 311
640 311
641 311
642 311
643 311
644 311
645 311
646 311
647 311
648 311
649 311
650 311
651 311
652 311
653 311
654 311
655 311
656 311
657 311
658 311
659 311
660 311
661 311
662 311
663 311
664 311
665 311
666 312
667 312
668 312
669 325
670 338
671 338
672 338
673 338
674 338
675 338
676 358
677 368
678 371
679 371
680 371
681 384
682 384
683 397
684 397
685 397
686 397
687 398
688 408
689 408
690 409
691 409
692 422
693 422
694 435
695 436
696 449
697 462
698 462
699 462
700 462
701 462
702 462
703 462
704 462
705 462
706 462
707 462
708 462
709 462
710 462
711 462
712 462
713 462
714 462
715 462
716 462
717 462
718 462
719 462
720 462
721 462
722 462
723 462
724 462
725 462
726 462
727 462
728 462
729 462
730 462
731 462
732 462
733 462
734 462
735 462
736 462
737 462
738 462
739 462
740 462
741 462
742 462
743 462
744 462
745 462
746 462
747 462
748 462
749 462
750 462
751 462
752 462
753 462
754 462
755 462
756 462
757 462
758 462
