310
310
310
310
310
310
310
310
310
310
310
310
310
310
310
310
310
310
310
310
310
310
310
310
310
310
310
310
310
310
310
310
310
310
310
310
310
310
310
310
310
310
310
310
310
310
310
310
310
310
310
310
310
310
310
310
310
310
310
310
310
310
310
310
310
310
310
310
310
310
310
310
310
310
310
310
310
310
310
310
310
310
310
310
310
310
310
310
310
310
310
310
310
310
310
310
310
310
310
310
310
310
310
310
310
310
310
310
310
310
310
310
310
310
310
310
310
310
310
310
310
310
310
310
310
310
310
310
310
310
310
310
310
310
310
310
310
310
310
310
310
310
310
310
310
310
310
310
310
310
310
310
310
310
310
310
310
310
310
310
310
310
310
310
310
310
310
310
310
310
310
310
310
310
310
310
310
310
310
310
310
310
310
310
310
310
310
310
310
310
310
310
310
310
310
310
310
310
310
310
310
310
310
310
310
310
310
310
310
310
310
310
310
310
310
310
310
310
310
310
310
310
310
310
310
310
310
310
310
310
310
310
310
310
310
310
310
310
310
310
310
310
310
310
310
310
310
310
310
310
310
310
310
310
310
310
310
310
310
310
310
310
310
310
310
310
310
310
310
310
310
310
310
310
310
310
310
310
310
310
310
310
310
310
310
310
310
310
310
310
310
310
310
310
310
310
310
310
310
310
310
310
310
310
310
310
310
310
310
310
310
310
310
310
310
310
310
310
310
310
310
310
310
310
310
310
310
310
310
310
310
310
310
310
310
310
310
310
310
310
310
310
310
310
310
310
310
310
310
310
310
310
310
310
310
310
310
310
310
310
310
310
310
310
310
310
310
310
310
310
310
310
310
310
310
310
310
310
310
310
310
310
310
310
310
310
310
310
310
310
310
310
310
310
310
310
310
310
310
310
310
310
310
310
310
310
310
310
310
310
310
310
310
310
310
310
310
310
310
310
310
310
310
310
310
310
310
310
311
311
311
311
311
311
311
311
311
311
311
311
311
311
311
311
311
311
311
311
311
311
311
311
311
311
311
311
311
311
311
311
311
311
311
311
311
311
311
311
311
311
311
311
311
311
311
311
311
311
311
311
311
311
311
311
311
311
311
311
311
311
312
312
312
325
338
338
338
338
338
338
358
368
371
371
371
384
384
397
397
397
397
398
408
408
409
409
422
422
435
436
449
462
462
462
462
462
462
462
462
462
462
462
462
462
462
462
462
462
462
462
462
462
462
462
462
462
462
462
462
462
462
462
462
462
462
462
462
462
462
462
462
462
462
462
462
462
462
462
462
462
462
462
462
462
462
462
462
462
462
462
462
462
462
462
462
462
462
462
462
462
462
462
462
462
462
462
462
462
462
462
462
462
462
462
462
462
462
462
462
462
462
462
462
462
462
